33490
33540
33690
33620
33113
33430
33790
33360
33150
33720
33760
33610
33620
33230
33430
33190
33340
33290
33540
33390
33670
33210
33370
33910
33000
33350
33270
33190
33710
33113
33980
33790
33124
33480
59134
59212
59780
59740
59670
59470
59143
59380
59470
59670
59123
59670
59272
59135
59175
59242
59114
59229
59224
59189
59163
59239
64400
64270
64270
64260
64330
64160
64190
64110
64130
64160
64350
64230
64420
64250
64780
64190
64190
64990
64370
64490
64430
64160
64122
64240
64480
64370
64230
64110
64400
64330
65370
65140
65370
65220
65200
65170
65560
65130
65200
65200
65350
65400
65440
65800
65390
65700
65240
65660
65380
65370
84370
84410
84570
84500
84480
84390
84110
84480
84340
84110
84410
84400
84400
84190
84220
84220
84240
84600
84660
84380
84560
84360
84570
84120
84330
84430
84390
84170

